Gene	Vector_a	Vector_b	CP	TP	CD	TD	PolyAIndex	No.PAsites	PolyASites	DeltaU	MaxPASite	MaxDeltaU	G_Pval	AdjG_Pval	Symbol
PANK1	0.13752654467986947,0.3200216428188584,0.5424518125012722	0.110066098573256,0.32660216997298647,0.5633317314537575	0.615501674958312	0.636184775262002	0.321795022542824	0.3046004216865968	-0.0476830639955541	3	chr10_89582964_89583016_-@UTR3,chr10_89583248_89583300_-@UTR3,chr10_89584070_89584122_-@UTR3	-0.026443684891621452,0.007199532957924359,0.021156082465529802	chr10_89582964_89583016_-@UTR3	-0.0264436848916214	0.4746425288425138	0.5763516421659096	
P3H2	0.8373737373737374,0.16262626262626265	0.6570882820882821,0.3429117179117179	0.2129853868997867	0.3820342692594635	0.8456781701332945	0.6766292877736176	-0.8429476074079051	2	chr3_189957038_189957090_-@UTR3,chr3_189957844_189957896_-@UTR3	-0.1795878700825071,0.16879397421571696	chr3_189957038_189957090_-@UTR3	-0.1795878700825071	1.6347815281478807e-05	4.631880996418995e-05	
SGK3	0.21636522654495896,0.12511687097697416,0.24075605877077863,0.20771207756149884,0.15726869496578294,0.0527810711800065	0.11351025670922375,0.04348634799969408,0.296227789876312,0.22632761397741588,0.20273856366130477,0.11770942777604941	0.2458880333974349	0.116297127702571	0.3287417268669141	0.4209805950875952	1.0801860594999313	6	chr8_66680196_66680248_+@UTR3,chr8_66680452_66680504_+@UTR3,chr8_66859636_66859688_+@UTR3,chr8_66860044_66860096_+@UTR3,chr8_66860594_66860646_+@UTR3,chr8_66861832_66861884_+@UTR3	-0.10223689850589975,-0.08103286442916621,0.05560144289786323,0.018909507811765036,0.045703307758956174,0.06513211669093927	chr8_66680196_66680248_+@UTR3	-0.1022368985058997	1.0337578507903818e-08	8.786941731718245e-08	
IFT43	0.13331644383424318,0.8666835561657568	0.046640504722125775,0.9533594952778742	0.1351322152233947	0.0486380886964415	0.8669610070944288	0.953455133621382	1.4742132087626811	2	chr14_76058900_76058952_+@UTR3,chr14_76083664_76083716_+@UTR3	-0.08940629612894704,0.08570619259931345	chr14_76058900_76058952_+@UTR3	-0.089406296128947	2.364824342942884e-06	8.040402766005805e-06	
DPH6	0.11788642729819199,0.7787980646804176,0.10331550802139038	0.06797109936303097,0.8899356400024313,0.04209326063453769	0.1097545044584197	0.0494305814810414	0.6322250084511665	0.6750501711736662	1.1508043679741724	3	chr15_35370946_35370998_-@UTR3,chr15_35372128_35372180_-@UTR3,chr15_35521012_35521064_-@UTR3	-0.05055395793392793,0.11023305068691425,-0.06177955473716914	chr15_35372128_35372180_-@UTR3	0.1102330506869142	0.0004058066023153	0.0007665235821512	
VIRMA	0.922683046277204,0.077316953722796	0.8120807910258684,0.18791920897413159	0.0794586824064491	0.1898038850959428	0.9228600454054644	0.8125148427159705	-1.2562327473956267	2	chr8_94488604_94488656_-@UTR3,chr8_94510952_94511004_-@UTR3	-0.11038227958168723,0.11047135750114274	chr8_94510952_94511004_-@UTR3	0.1104713575011427	1.3712842633659412e-06	5.8279581193052505e-06	
SHANK1	0.3687584345479083,0.6312415654520916	0.30599647266313934,0.6940035273368607	0.7051907924332265	0.7495635999870681	0.5196147985673035	0.4752419910134619	-0.0880372573728728	2	chr19_50661738_50661790_-@UTR3-EX,chr19_50661880_50661932_-@UTR3	-0.04313807285676613,0.06643432187896792	chr19_50661880_50661932_-@UTR3	0.0664343218789679	0.7071793512289609	0.7071793512289609	
KANK1	0.5946732818028587,0.40532671819714117	0.619098298387524,0.38090170161247605	0.6359557007148261	0.6575213280733371	0.4687755713510987	0.4472099439925878	-0.0481114179575771	2	chr9_745616_745668_+@UTR3,chr9_746030_746082_+@UTR3	0.02464390165845698,-0.023797403770698555	chr9_745616_745668_+@UTR3	0.0246439016584569	0.4091496314502136	0.5350418257425871	
SCLT1	0.8624166098981035,0.13758339010189657	0.6332851550737729,0.366714844926227	0.1378753119487306	0.366929192194783	0.8624631327385432	0.6334092524924906	-1.412137537271135	2	chr4_128884228_128884280_-@UTR3,chr4_129037794_129037846_-@UTR3	-0.2273429494232979,0.22815538689950943	chr4_129037794_129037846_-@UTR3	0.2281553868995094	2.743103711911934e-05	6.661823300357555e-05	
ANK1	0.05087701966982789,0.3594726905514577,0.34386964348436955,0.24578064629434496	0.050583849866111724,0.327353425277411,0.406330106091233,0.21573261876524427	0.5310866950758781	0.5316170078809841	0.2205353665801671	0.2197984291344789	-0.0014398740033087	4	chr8_41653204_41653256_-@UTR3,chr8_41654674_41654726_-@UTR3,chr8_41655020_41655072_-@UTR3,chr8_41655350_41655402_-@UTR3	0.0007690611459749697,-0.031293104624955825,0.06297667776765276,-0.029078795142339908	chr8_41655020_41655072_-@UTR3	0.0629766777676527	0.09862347283684	0.1524180943842074	
KRT8	0.5971612858719647,0.09991900703131387,0.1911239882266372,0.1117957188700842	0.9069573588804358,0.011846059922983003,0.04882439497824114,0.032372186218340065	0.2329455995597655	0.05437129629956	0.6021364113263101	0.9076124218421356	2.0990759477487373	4	chr12_52897172_52897224_-@UTR3,chr12_52947442_52947494_-@UTR3,chr12_52947948_52948000_-@UTR3,chr12_52948624_52948676_-@UTR3	0.3075165941373861,-0.08811799740890708,-0.14189981674667407,-0.07950907805867125	chr12_52897172_52897224_-@UTR3	0.3075165941373861	3.5822050967412246e-09	6.089748664460083e-08	
BUB3	0.24917561867362112,0.12246847921569999,0.5644245100157468,0.06393139209493214	0.37776387430307734,0.09657099101648353,0.4621519219520203,0.06351321272841885	0.3711907523865368	0.4597236893466335	0.4323307447138477	0.3642993518488489	-0.3086062409563543	4	chr10_123163856_123163908_+@UTR3,chr10_123164722_123164774_+@UTR3,chr10_123165100_123165151_+@UTR3,chr10_123165338_123165389_+@UTR3	0.1285520476024804,-0.02591513159316379,-0.10226895731255986,-0.0004410517595425101	chr10_123163856_123163908_+@UTR3	0.1285520476024804	3.107518029029799e-07	1.760926883116886e-06	
GPANK1	0.33868773148179715,0.6613122685182028	0.35543345543345545,0.6445665445665446	0.6797472478513819	0.6639953248096446	0.3762693633810374	0.3920212864227748	0.033825321509973	2	chr6_31661210_31661262_-@UTR3,chr6_31662058_31662110_-@UTR3	0.020816160415040974,-0.014580293255666343	chr6_31661210_31661262_-@UTR3	0.0208161604150409	0.6930452151400912	0.7071793512289609	
CACNG7	0.6190476190476191,0.38095238095238093	0.4572444831591173,0.5427555168408826	0.651618524703003	0.5054686980362358	0.4365573172256604	0.5827071438924275	0.3664058647904761	2	chr19_53942496_53942548_+@UTR3,chr19_53943004_53943056_+@UTR3	-0.17268842268842277,0.11773643023643021	chr19_53942496_53942548_+@UTR3	-0.1726884226884227	0.2409866961930908	0.3413978196068787	
JADE1	0.39283070002733306,0.151418780414441,0.2733569364823613,0.1093773064390516,0.07301627663681305	0.4437068666379344,0.12936556867158822,0.2694344538872677,0.09184485236875063,0.06564825843445914	0.4634913522455492	0.4930236973213153	0.280547780735132	0.2591443998977786	-0.0891145703016571	5	chr4_128872522_128872574_+@UTR3,chr4_128873506_128873558_+@UTR3,chr4_128874506_128874557_+@UTR3,chr4_128874990_128875041_+@UTR3,chr4_128875050_128875102_+@UTR3	0.05082578903091928,-0.02204085659140953,-0.003924138636963503,-0.017521060367077804,-0.007367229990281693	chr4_128872522_128872574_+@UTR3	0.0508257890309192	0.0734997591159585	0.1249495904971296	
IQANK1	0.48018122228648547,0.5198187777135146	0.45357065603658725,0.5464293439634128	0.5681227660672642	0.5468991840754555	0.5997361823193004	0.6209597643111091	0.0549278067248628	2	chr8_143744616_143744668_+@UTR3,chr8_143744840_143744892_+@UTR3	-0.025304446548052695,0.02717394764229808	chr8_143744840_143744892_+@UTR3	0.027173947642298	0.5428392361837037	0.6152178010081975	
AKAP6	0.224367136131842,0.6570798482563188,0.11855301561183913	0.08806881243063264,0.8638118140337895,0.04811937353557775	0.2304790644067444	0.0960546112845782	0.5468753866196309	0.6423454155597894	1.2627089292408828	3	chr14_32734322_32734374_+@UTR3,chr14_32830180_32830232_+@UTR3,chr14_32831020_32831072_+@UTR3	-0.13045890712144964,0.20400141952879336,-0.06516639031846787	chr14_32830180_32830232_+@UTR3	0.2040014195287933	0.0001931602601403	0.0004104655527982	
